OP,INTI
5 -5 259.671 296.4 19.4558 45.0966
259. 268.5 278. 287.5 297. 
19.4558 25.866 32.2762 38.6864 45.0966 
1
61. 81.4 
1
-171.5 177.5 
1
-172.4 176.6 
1
-173. 175.9 
1
128.4 130.1 
5
259. 268.5 278. 287.5 297. 
22.9456 22.9581 22.9596 22.9516 22.9348 
10 -10
20.4 229. 349. 349. 349. 349. 349. 348.9 348.9 161. 1.7 

Mean Theta: 31.9884
Rutherford Weighted Mean Theta: 28.4292
Rutherford Cross : 16232.9

Target Detection
Mean Theta: -73.1983
Rutherford Weighted Mean Theta: -78.9683
Rutherford Cross : 1491.5
