0.0  4.3912E-3
1.00  6.5837E-3
2.00  1.3060E-2
3.00  2.3524E-2
4.00  3.7496E-2
5.00  5.4342E-2
6.00  7.3299E-2
7.00  9.3522E-2
8.00  0.1141E+0
9.00  0.1342E+0
10.00  0.1529E+0
11.00  0.1695E+0
12.00  0.1833E+0
13.00  0.1938E+0
14.00  0.2007E+0
15.00  0.2038E+0
16.00  0.2031E+0
17.00  0.1989E+0
18.00  0.1913E+0
19.00  0.1810E+0
20.00  0.1685E+0
21.00  0.1544E+0
22.00  0.1393E+0
23.00  0.1239E+0
24.00  0.1087E+0
25.00  9.4441E-2
26.00  8.1452E-2
27.00  7.0120E-2
28.00  6.0692E-2
29.00  5.3307E-2
30.00  4.7989E-2
31.00  4.4665E-2
32.00  4.3175E-2
33.00  4.3289E-2
34.00  4.4723E-2
35.00  4.7164E-2
36.00  5.0283E-2
37.00  5.3755E-2
38.00  5.7275E-2
39.00  6.0571E-2
40.00  6.3411E-2
41.00  6.5614E-2
42.00  6.7050E-2
43.00  6.7640E-2
44.00  6.7359E-2
45.00  6.6225E-2
46.00  6.4296E-2
47.00  6.1664E-2
48.00  5.8445E-2
49.00  5.4770E-2
50.00  5.0780E-2
51.00  4.6616E-2
52.00  4.2414E-2
53.00  3.8298E-2
54.00  3.4378E-2
55.00  3.0744E-2
56.00  2.7468E-2
57.00  2.4601E-2
58.00  2.2170E-2
59.00  2.0188E-2
60.00  1.8646E-2
61.00  1.7523E-2
62.00  1.6785E-2
63.00  1.6385E-2
64.00  1.6274E-2
65.00  1.6396E-2
66.00  1.6694E-2
67.00  1.7113E-2
68.00  1.7599E-2
69.00  1.8103E-2
70.00  1.8583E-2
71.00  1.9001E-2
72.00  1.9329E-2
73.00  1.9544E-2
74.00  1.9631E-2
75.00  1.9582E-2
76.00  1.9394E-2
77.00  1.9071E-2
78.00  1.8621E-2
79.00  1.8055E-2
80.00  1.7389E-2
81.00  1.6639E-2
82.00  1.5822E-2
83.00  1.4958E-2
84.00  1.4065E-2
85.00  1.3160E-2
86.00  1.2259E-2
87.00  1.1378E-2
88.00  1.0530E-2
89.00  9.7242E-3
90.00  8.9713E-3
91.00  8.2774E-3
92.00  7.6474E-3
93.00  7.0841E-3
94.00  6.5884E-3
95.00  6.1597E-3
96.00  5.7961E-3
97.00  5.4943E-3
98.00  5.2500E-3
99.00  5.0583E-3
100.00  4.9136E-3
101.00  4.8102E-3
102.00  4.7421E-3
103.00  4.7033E-3
104.00  4.6879E-3
105.00  4.6903E-3
106.00  4.7053E-3
107.00  4.7281E-3
108.00  4.7543E-3
109.00  4.7800E-3
110.00  4.8018E-3
111.00  4.8169E-3
112.00  4.8230E-3
113.00  4.8180E-3
114.00  4.8008E-3
115.00  4.7701E-3
116.00  4.7254E-3
117.00  4.6666E-3
118.00  4.5936E-3
119.00  4.5070E-3
120.00  4.4073E-3
121.00  4.2953E-3
122.00  4.1720E-3
123.00  4.0385E-3
124.00  3.8962E-3
125.00  3.7464E-3
126.00  3.5905E-3
127.00  3.4299E-3
128.00  3.2662E-3
129.00  3.1009E-3
130.00  2.9357E-3
131.00  2.7721E-3
132.00  2.6116E-3
133.00  2.4560E-3
134.00  2.3068E-3
135.00  2.1654E-3
136.00  2.0333E-3
137.00  1.9120E-3
138.00  1.8026E-3
139.00  1.7062E-3
140.00  1.6239E-3
141.00  1.5563E-3
142.00  1.5041E-3
143.00  1.4676E-3
144.00  1.4468E-3
145.00  1.4417E-3
146.00  1.4519E-3
147.00  1.4766E-3
148.00  1.5151E-3
149.00  1.5662E-3
150.00  1.6285E-3
151.00  1.7007E-3
152.00  1.7809E-3
153.00  1.8674E-3
154.00  1.9583E-3
155.00  2.0517E-3
156.00  2.1458E-3
157.00  2.2385E-3
158.00  2.3283E-3
159.00  2.4133E-3
160.00  2.4923E-3
161.00  2.5640E-3
162.00  2.6274E-3
163.00  2.6817E-3
164.00  2.7266E-3
165.00  2.7620E-3
166.00  2.7879E-3
167.00  2.8048E-3
168.00  2.8133E-3
169.00  2.8144E-3
170.00  2.8090E-3
171.00  2.7985E-3
172.00  2.7842E-3
173.00  2.7674E-3
174.00  2.7494E-3
175.00  2.7317E-3
176.00  2.7153E-3
177.00  2.7014E-3
178.00  2.6908E-3
179.00  2.6842E-3