0	2.13E-27
0.5	3.48E-23
1	1.55E-24
1.5	1.74E-22
2	4.35E-19
2.5	9.56E-17
3	5.15E-15
3.5	1.01E-13
4	1.09E-12
4.5	7.56E-12
5	3.78E-11
5.5	1.48E-10
6	4.80E-10
6.5	1.34E-09
7	3.29E-09
7.5	7.34E-09
8	1.51E-08
8.5	2.88E-08
9	5.20E-08
9.5	8.90E-08
10	1.46E-07
10.5	2.30E-07
11	3.51E-07
11.5	5.19E-07
12	7.48E-07
12.5	1.05E-06
13	1.45E-06
13.5	1.96E-06
14	2.60E-06
14.5	3.40E-06
15	4.37E-06
15.5	5.56E-06
16	6.98E-06
16.5	8.66E-06
17	1.06E-05
17.5	1.29E-05
18	1.56E-05
18.5	1.87E-05
19	2.21E-05
19.5	2.60E-05
20	3.05E-05
20.5	3.54E-05
21	4.08E-05
21.5	4.69E-05
22	5.35E-05
22.5	6.08E-05
23	6.87E-05
23.5	7.72E-05
24	8.65E-05
24.5	9.64E-05
25	0.000107052
25.5	0.000118389
26	0.000130435
26.5	0.000143186
27	0.000156638
27.5	0.00017078
28	0.000185599
28.5	0.000201075
29	0.000217189
29.5	0.000233912
30	0.000251214
30.5	0.000269061
31	0.000287415
31.5	0.000306236
32	0.000325475
32.5	0.000345088
33	0.000365022
33.5	0.000385223
34	0.000405636
34.5	0.000426203
35	0.000446865
35.5	0.000467559
36	0.000488226
36.5	0.000508803
37	0.000529227
37.5	0.000549436
38	0.000569371
38.5	0.000588968
39	0.000608171
39.5	0.000626922
40	0.000645164
40.5	0.000662846
41	0.000679918
41.5	0.000696331
42	0.000712043
42.5	0.000727011
43	0.000741202
43.5	0.00075458
44	0.000767117
44.5	0.000778785
45	0.000789571
45.5	0.000799452
46	0.000808418
46.5	0.000816461
47	0.000823575
47.5	0.000829763
48	0.000835027
48.5	0.000839373
49	0.000842823
49.5	0.000845377
50	0.000847058
50.5	0.000847897
51	0.000847909
51.5	0.000847123
52	0.000845569
52.5	0.000843277
53	0.000840282
53.5	0.000836618
54	0.00083232
54.5	0.000827425
55	0.00082197
55.5	0.000815995
56	0.000809535
56.5	0.000802631
57	0.000795318
57.5	0.000787634
58	0.000779615
58.5	0.000771297
59	0.000762712
59.5	0.000753896
60	0.000744878
60.5	0.000735688
61	0.000726355
61.5	0.000716905
62	0.000707362
62.5	0.000697748
63	0.000688087
63.5	0.000678394
64	0.000668689
64.5	0.000658985
65	0.000649296
65.5	0.000639635
66	0.00063001
66.5	0.00062043
67	0.000610903
67.5	0.000601431
68	0.000592022
68.5	0.000582677
69	0.000573396
69.5	0.000564181
70	0.000555033
70.5	0.000545948
71	0.000536927
71.5	0.000527968
72	0.000519067
72.5	0.00051022
73	0.000501426
73.5	0.000492681
74	0.000483982
74.5	0.000475325
75	0.000466708
75.5	0.000458128
76	0.000449583
76.5	0.000441069
77	0.000432587
77.5	0.000424133
78	0.000415709
78.5	0.000407313
79	0.000398945
79.5	0.000390606
80	0.000382297
80.5	0.000374022
81	0.000365781
81.5	0.000357577
82	0.000349414
82.5	0.000341295
83	0.000333225
83.5	0.000325209
84	0.000317249
84.5	0.000309352
85	0.000301525
85.5	0.000293771
86	0.000286098
86.5	0.000278509
87	0.000271013
87.5	0.000263614
88	0.000256317
88.5	0.000249132
89	0.00024206
89.5	0.00023511
90	0.000228286
90.5	0.000221592
91	0.000215036
91.5	0.000208619
92	0.000202348
92.5	0.000196226
93	0.000190257
93.5	0.000184444
94	0.000178788
94.5	0.000173295
95	0.000167963
95.5	0.000162797
96	0.000157796
96.5	0.000152961
97	0.000148293
97.5	0.00014379
98	0.000139453
98.5	0.000135281
99	0.000131272
99.5	0.000127424
100	0.000123736
100.5	0.000120205
101	0.000116828
101.5	0.000113601
102	0.000110523
102.5	0.000107588
103	0.000104793
103.5	0.000102134
104	9.96E-05
104.5	9.72E-05
105	9.49E-05
105.5	9.28E-05
106	9.07E-05
106.5	8.88E-05
107	8.70E-05
107.5	8.52E-05
108	8.36E-05
108.5	8.20E-05
109	8.06E-05
109.5	7.92E-05
110	7.79E-05
110.5	7.67E-05
111	7.55E-05
111.5	7.44E-05
112	7.33E-05
112.5	7.23E-05
113	7.14E-05
113.5	7.05E-05
114	6.96E-05
114.5	6.88E-05
115	6.80E-05
115.5	6.73E-05
116	6.65E-05
116.5	6.58E-05
117	6.52E-05
117.5	6.45E-05
118	6.39E-05
118.5	6.32E-05
119	6.26E-05
119.5	6.20E-05
120	6.15E-05
120.5	6.09E-05
121	6.03E-05
121.5	5.98E-05
122	5.92E-05
122.5	5.87E-05
123	5.81E-05
123.5	5.76E-05
124	5.70E-05
124.5	5.65E-05
125	5.59E-05
125.5	5.54E-05
126	5.49E-05
126.5	5.43E-05
127	5.38E-05
127.5	5.33E-05
128	5.27E-05
128.5	5.22E-05
129	5.16E-05
129.5	5.11E-05
130	5.06E-05
130.5	5.00E-05
131	4.95E-05
131.5	4.89E-05
132	4.84E-05
132.5	4.79E-05
133	4.73E-05
133.5	4.68E-05
134	4.63E-05
134.5	4.57E-05
135	4.52E-05
135.5	4.47E-05
136	4.41E-05
136.5	4.36E-05
137	4.31E-05
137.5	4.26E-05
138	4.20E-05
138.5	4.15E-05
139	4.10E-05
139.5	4.05E-05
140	4.00E-05
140.5	3.95E-05
141	3.90E-05
141.5	3.85E-05
142	3.80E-05
142.5	3.75E-05
143	3.70E-05
143.5	3.65E-05
144	3.60E-05
144.5	3.55E-05
145	3.50E-05
145.5	3.45E-05
146	3.40E-05
146.5	3.36E-05
147	3.31E-05
147.5	3.26E-05
148	3.21E-05
148.5	3.17E-05
149	3.12E-05
149.5	3.07E-05
150	3.02E-05
150.5	2.98E-05
151	2.93E-05
151.5	2.88E-05
152	2.84E-05
152.5	2.79E-05
153	2.74E-05
153.5	2.70E-05
154	2.65E-05
154.5	2.60E-05
155	2.55E-05
155.5	2.51E-05
156	2.46E-05
156.5	2.41E-05
157	2.36E-05
157.5	2.32E-05
158	2.27E-05
158.5	2.22E-05
159	2.17E-05
159.5	2.12E-05
160	2.07E-05
160.5	2.02E-05
161	1.97E-05
161.5	1.93E-05
162	1.88E-05
162.5	1.83E-05
163	1.78E-05
163.5	1.73E-05
164	1.67E-05
164.5	1.62E-05
165	1.57E-05
165.5	1.52E-05
166	1.47E-05
166.5	1.42E-05
167	1.37E-05
167.5	1.31E-05
168	1.26E-05
168.5	1.21E-05
169	1.15E-05
169.5	1.10E-05
170	1.05E-05
170.5	9.93E-06
171	9.39E-06
171.5	8.85E-06
172	8.31E-06
172.5	7.76E-06
173	7.22E-06
173.5	6.67E-06
174	6.12E-06
174.5	5.56E-06
175	5.01E-06
175.5	4.46E-06
176	3.90E-06
176.5	3.35E-06
177	2.79E-06
177.5	2.23E-06
178	1.68E-06
178.5	1.12E-06
179	5.59E-07
179.5	1.40E-07
180	
