0	0
0.5	1.62E-23
1	1.96E-20
1.5	5.87E-23
2	7.64E-22
2.5	4.37E-18
3	1.43E-15
3.5	8.15E-14
4	1.86E-12
4.5	2.14E-11
5	1.57E-10
5.5	8.14E-10
6	3.25E-09
6.5	1.06E-08
7	2.98E-08
7.5	7.32E-08
8	1.62E-07
8.5	3.30E-07
9	6.26E-07
9.5	1.11E-06
10	1.88E-06
10.5	3.04E-06
11	4.71E-06
11.5	7.07E-06
12	1.03E-05
12.5	1.46E-05
13	2.02E-05
13.5	2.73E-05
14	3.62E-05
14.5	4.73E-05
15	6.08E-05
15.5	7.69E-05
16	9.61E-05
16.5	1.19E-04
17	1.45E-04
17.5	1.75E-04
18	2.10E-04
18.5	2.49E-04
19	2.93E-04
19.5	3.43E-04
20	3.98E-04
20.5	4.58E-04
21	5.25E-04
21.5	5.98E-04
22	6.77E-04
22.5	7.62E-04
23	8.55E-04
23.5	9.54E-04
24	1.06E-03
24.5	1.17E-03
25	1.29E-03
25.5	1.42E-03
26	1.55E-03
26.5	1.69E-03
27	1.83E-03
27.5	1.99E-03
28	2.14E-03
28.5	2.31E-03
29	2.48E-03
29.5	2.65E-03
30	2.83E-03
30.5	3.01E-03
31	3.20E-03
31.5	3.39E-03
32	3.58E-03
32.5	3.78E-03
33	3.98E-03
33.5	4.18E-03
34	4.38E-03
34.5	4.58E-03
35	4.78E-03
35.5	4.98E-03
36	5.18E-03
36.5	5.38E-03
37	5.58E-03
37.5	5.78E-03
38	5.97E-03
38.5	6.15E-03
39	6.34E-03
39.5	6.52E-03
40	6.69E-03
40.5	6.86E-03
41	7.02E-03
41.5	7.18E-03
42	7.33E-03
42.5	7.48E-03
43	7.61E-03
43.5	7.74E-03
44	7.86E-03
44.5	7.98E-03
45	8.08E-03
45.5	8.18E-03
46	8.27E-03
46.5	8.35E-03
47	8.42E-03
47.5	8.48E-03
48	8.54E-03
48.5	8.59E-03
49	8.62E-03
49.5	8.65E-03
50	8.68E-03
50.5	8.69E-03
51	8.70E-03
51.5	8.69E-03
52	8.69E-03
52.5	8.67E-03
53	8.65E-03
53.5	8.62E-03
54	8.58E-03
54.5	8.54E-03
55	8.49E-03
55.5	8.43E-03
56	8.37E-03
56.5	8.31E-03
57	8.24E-03
57.5	8.17E-03
58	8.09E-03
58.5	8.01E-03
59	7.93E-03
59.5	7.84E-03
60	7.75E-03
60.5	7.66E-03
61	7.56E-03
61.5	7.47E-03
62	7.37E-03
62.5	7.27E-03
63	7.17E-03
63.5	7.07E-03
64	6.97E-03
64.5	6.87E-03
65	6.77E-03
65.5	6.66E-03
66	6.56E-03
66.5	6.46E-03
67	6.36E-03
67.5	6.26E-03
68	6.16E-03
68.5	6.06E-03
69	5.96E-03
69.5	5.86E-03
70	5.77E-03
70.5	5.67E-03
71	5.58E-03
71.5	5.49E-03
72	5.40E-03
72.5	5.31E-03
73	5.22E-03
73.5	5.13E-03
74	5.04E-03
74.5	4.96E-03
75	4.87E-03
75.5	4.79E-03
76	4.71E-03
76.5	4.63E-03
77	4.55E-03
77.5	4.47E-03
78	4.39E-03
78.5	4.31E-03
79	4.24E-03
79.5	4.16E-03
80	4.09E-03
80.5	4.01E-03
81	3.94E-03
81.5	3.87E-03
82	3.80E-03
82.5	3.73E-03
83	3.66E-03
83.5	3.59E-03
84	3.52E-03
84.5	3.45E-03
85	3.38E-03
85.5	3.32E-03
86	3.25E-03
86.5	3.18E-03
87	3.12E-03
87.5	3.05E-03
88	2.99E-03
88.5	2.93E-03
89	2.86E-03
89.5	2.80E-03
90	2.74E-03
90.5	2.68E-03
91	2.62E-03
91.5	2.56E-03
92	2.50E-03
92.5	2.44E-03
93	2.38E-03
93.5	2.33E-03
94	2.27E-03
94.5	2.21E-03
95	2.16E-03
95.5	2.10E-03
96	2.05E-03
96.5	2.00E-03
97	1.95E-03
97.5	1.90E-03
98	1.85E-03
98.5	1.80E-03
99	1.75E-03
99.5	1.70E-03
100	1.66E-03
100.5	1.61E-03
101	1.57E-03
101.5	1.52E-03
102	1.48E-03
102.5	1.44E-03
103	1.40E-03
103.5	1.36E-03
104	1.32E-03
104.5	1.29E-03
105	1.25E-03
105.5	1.22E-03
106	1.18E-03
106.5	1.15E-03
107	1.12E-03
107.5	1.09E-03
108	1.06E-03
108.5	1.03E-03
109	1.00E-03
109.5	9.75E-04
110	9.49E-04
110.5	9.25E-04
111	9.01E-04
111.5	8.79E-04
112	8.57E-04
112.5	8.36E-04
113	8.16E-04
113.5	7.97E-04
114	7.79E-04
114.5	7.62E-04
115	7.45E-04
115.5	7.30E-04
116	7.15E-04
116.5	7.00E-04
117	6.87E-04
117.5	6.74E-04
118	6.62E-04
118.5	6.51E-04
119	6.40E-04
119.5	6.30E-04
120	6.20E-04
120.5	6.11E-04
121	6.03E-04
121.5	5.95E-04
122	5.87E-04
122.5	5.80E-04
123	5.74E-04
123.5	5.68E-04
124	5.62E-04
124.5	5.57E-04
125	5.52E-04
125.5	5.48E-04
126	5.44E-04
126.5	5.40E-04
127	5.36E-04
127.5	5.33E-04
128	5.30E-04
128.5	5.28E-04
129	5.26E-04
129.5	5.23E-04
130	5.22E-04
130.5	5.20E-04
131	5.19E-04
131.5	5.18E-04
132	5.17E-04
132.5	5.16E-04
133	5.15E-04
133.5	5.15E-04
134	5.14E-04
134.5	5.14E-04
135	5.14E-04
135.5	5.14E-04
136	5.14E-04
136.5	5.15E-04
137	5.15E-04
137.5	5.16E-04
138	5.16E-04
138.5	5.17E-04
139	5.18E-04
139.5	5.19E-04
140	5.19E-04
140.5	5.20E-04
141	5.22E-04
141.5	5.23E-04
142	5.24E-04
142.5	5.25E-04
143	5.27E-04
143.5	5.28E-04
144	5.29E-04
144.5	5.31E-04
145	5.32E-04
145.5	5.34E-04
146	5.35E-04
146.5	5.37E-04
147	5.39E-04
147.5	5.40E-04
148	5.42E-04
148.5	5.44E-04
149	5.46E-04
149.5	5.47E-04
150	5.49E-04
150.5	5.51E-04
151	5.53E-04
151.5	5.55E-04
152	5.57E-04
152.5	5.59E-04
153	5.60E-04
153.5	5.62E-04
154	5.64E-04
154.5	5.66E-04
155	5.68E-04
155.5	5.70E-04
156	5.72E-04
156.5	5.74E-04
157	5.76E-04
157.5	5.78E-04
158	5.80E-04
158.5	5.82E-04
159	5.83E-04
159.5	5.85E-04
160	5.87E-04
160.5	5.89E-04
161	5.91E-04
161.5	5.93E-04
162	5.95E-04
162.5	5.96E-04
163	5.98E-04
163.5	6.00E-04
164	6.01E-04
164.5	6.03E-04
165	6.05E-04
165.5	6.06E-04
166	6.08E-04
166.5	6.09E-04
167	6.11E-04
167.5	6.12E-04
168	6.14E-04
168.5	6.15E-04
169	6.16E-04
169.5	6.18E-04
170	6.19E-04
170.5	6.20E-04
171	6.21E-04
171.5	6.22E-04
172	6.23E-04
172.5	6.24E-04
173	6.25E-04
173.5	6.26E-04
174	6.27E-04
174.5	6.27E-04
175	6.28E-04
175.5	6.29E-04
176	6.29E-04
176.5	6.30E-04
177	6.30E-04
177.5	6.30E-04
178	6.31E-04
178.5	6.31E-04
179	6.31E-04
179.5	6.31E-04
180	6.31E-04
