0	0
0.5	4.16E-26
1	1.25E-21
1.5	3.25E-22
2	3.30E-18
2.5	1.18E-15
3	6.50E-14
3.5	1.24E-12
4	1.19E-11
4.5	7.25E-11
5	3.18E-10
5.5	1.10E-09
6	3.17E-09
6.5	7.92E-09
7	1.77E-08
7.5	3.60E-08
8	6.81E-08
8.5	1.21E-07
9	2.03E-07
9.5	3.26E-07
10	5.04E-07
10.5	7.53E-07
11	1.09E-06
11.5	1.54E-06
12	2.13E-06
12.5	2.88E-06
13	3.82E-06
13.5	4.98E-06
14	6.40E-06
14.5	8.11E-06
15	1.01E-05
15.5	1.25E-05
16	1.53E-05
16.5	1.86E-05
17	2.23E-05
17.5	2.66E-05
18	3.13E-05
18.5	3.67E-05
19	4.27E-05
19.5	4.94E-05
20	5.68E-05
20.5	6.48E-05
21	7.37E-05
21.5	8.32E-05
22	9.36E-05
22.5	0.000104682
23	0.000116592
23.5	0.000129293
24	0.00014278
24.5	0.000157042
25	0.000172062
25.5	0.000187821
26	0.00020429
26.5	0.000221436
27	0.000239219
27.5	0.000257595
28	0.000276513
28.5	0.000295918
29	0.000315748
29.5	0.00033594
30	0.000356421
30.5	0.000377121
31	0.000397962
31.5	0.000418865
32	0.000439748
32.5	0.000460527
33	0.000481121
33.5	0.000501442
34	0.000521408
34.5	0.000540936
35	0.000559943
35.5	0.000578352
36	0.000596084
36.5	0.000613068
37	0.000629236
37.5	0.000644523
38	0.000658871
38.5	0.000672224
39	0.000684538
39.5	0.000695769
40	0.000705887
40.5	0.000714854
41	0.000722663
41.5	0.000729287
42	0.000734728
42.5	0.000738983
43	0.000742058
43.5	0.000743966
44	0.000744729
44.5	0.000744369
45	0.00074292
45.5	0.000740419
46	0.000736905
46.5	0.000732426
47	0.000727031
47.5	0.000720774
48	0.000713709
48.5	0.000705897
49	0.000697395
49.5	0.000688265
50	0.000678569
50.5	0.000668368
51	0.000657723
51.5	0.000646694
52	0.00063534
52.5	0.000623717
53	0.000611881
53.5	0.000599885
54	0.000587775
54.5	0.0005756
55	0.000563401
55.5	0.000551219
56	0.000539088
56.5	0.000527043
57	0.000515111
57.5	0.000503317
58	0.000491683
58.5	0.000480226
59	0.000468962
59.5	0.000457903
60	0.000447057
60.5	0.000436429
61	0.000426025
61.5	0.000415845
62	0.000405887
62.5	0.000396149
63	0.000386629
63.5	0.000377319
64	0.000368214
64.5	0.000359309
65	0.000350594
65.5	0.000342063
66	0.000333707
66.5	0.00032552
67	0.000317494
67.5	0.000309623
68	0.000301901
68.5	0.000294321
69	0.00028688
69.5	0.000279574
70	0.000272399
70.5	0.000265355
71	0.00025844
71.5	0.000251652
72	0.000244995
72.5	0.000238467
73	0.000232072
73.5	0.000225811
74	0.000219689
74.5	0.000213709
75	0.000207875
75.5	0.000202191
76	0.000196662
76.5	0.000191291
77	0.000186084
77.5	0.000181044
78	0.000176174
78.5	0.000171479
79	0.000166962
79.5	0.000162624
80	0.000158468
80.5	0.000154495
81	0.000150705
81.5	0.0001471
82	0.000143675
82.5	0.000140432
83	0.000137366
83.5	0.000134475
84	0.000131755
84.5	0.000129201
85	0.000126806
85.5	0.000124566
86	0.000122474
86.5	0.000120522
87	0.000118703
87.5	0.000117008
88	0.000115429
88.5	0.000113957
89	0.000112583
89.5	0.000111297
90	0.000110091
90.5	0.000108955
91	0.000107881
91.5	0.000106858
92	0.000105879
92.5	0.000104934
93	0.000104015
93.5	0.000103115
94	0.000102225
94.5	0.00010134
95	0.000100451
95.5	9.96E-05
96	9.86E-05
96.5	9.77E-05
97	9.68E-05
97.5	9.58E-05
98	9.48E-05
98.5	9.37E-05
99	9.26E-05
99.5	9.15E-05
100	9.04E-05
100.5	8.92E-05
101	8.79E-05
101.5	8.66E-05
102	8.53E-05
102.5	8.40E-05
103	8.26E-05
103.5	8.12E-05
104	7.98E-05
104.5	7.83E-05
105	7.68E-05
105.5	7.53E-05
106	7.38E-05
106.5	7.23E-05
107	7.07E-05
107.5	6.92E-05
108	6.76E-05
108.5	6.60E-05
109	6.45E-05
109.5	6.30E-05
110	6.14E-05
110.5	5.99E-05
111	5.84E-05
111.5	5.69E-05
112	5.55E-05
112.5	5.41E-05
113	5.27E-05
113.5	5.13E-05
114	5.00E-05
114.5	4.87E-05
115	4.75E-05
115.5	4.62E-05
116	4.51E-05
116.5	4.39E-05
117	4.28E-05
117.5	4.18E-05
118	4.08E-05
118.5	3.98E-05
119	3.89E-05
119.5	3.80E-05
120	3.72E-05
120.5	3.64E-05
121	3.56E-05
121.5	3.49E-05
122	3.42E-05
122.5	3.36E-05
123	3.30E-05
123.5	3.24E-05
124	3.18E-05
124.5	3.13E-05
125	3.08E-05
125.5	3.04E-05
126	2.99E-05
126.5	2.95E-05
127	2.91E-05
127.5	2.87E-05
128	2.84E-05
128.5	2.80E-05
129	2.77E-05
129.5	2.74E-05
130	2.71E-05
130.5	2.68E-05
131	2.65E-05
131.5	2.62E-05
132	2.60E-05
132.5	2.57E-05
133	2.54E-05
133.5	2.52E-05
134	2.49E-05
134.5	2.46E-05
135	2.44E-05
135.5	2.41E-05
136	2.38E-05
136.5	2.36E-05
137	2.33E-05
137.5	2.30E-05
138	2.27E-05
138.5	2.24E-05
139	2.21E-05
139.5	2.18E-05
140	2.15E-05
140.5	2.12E-05
141	2.09E-05
141.5	2.05E-05
142	2.02E-05
142.5	1.99E-05
143	1.95E-05
143.5	1.92E-05
144	1.88E-05
144.5	1.85E-05
145	1.81E-05
145.5	1.77E-05
146	1.74E-05
146.5	1.70E-05
147	1.66E-05
147.5	1.62E-05
148	1.59E-05
148.5	1.55E-05
149	1.51E-05
149.5	1.47E-05
150	1.43E-05
150.5	1.40E-05
151	1.36E-05
151.5	1.32E-05
152	1.28E-05
152.5	1.25E-05
153	1.21E-05
153.5	1.17E-05
154	1.14E-05
154.5	1.10E-05
155	1.07E-05
155.5	1.03E-05
156	1.00E-05
156.5	9.67E-06
157	9.34E-06
157.5	9.02E-06
158	8.70E-06
158.5	8.39E-06
159	8.09E-06
159.5	7.79E-06
160	7.50E-06
160.5	7.21E-06
161	6.93E-06
161.5	6.66E-06
162	6.40E-06
162.5	6.14E-06
163	5.88E-06
163.5	5.64E-06
164	5.40E-06
164.5	5.16E-06
165	4.93E-06
165.5	4.71E-06
166	4.49E-06
166.5	4.28E-06
167	4.08E-06
167.5	3.87E-06
168	3.68E-06
168.5	3.49E-06
169	3.30E-06
169.5	3.12E-06
170	2.94E-06
170.5	2.77E-06
171	2.60E-06
171.5	2.44E-06
172	2.27E-06
172.5	2.12E-06
173	1.96E-06
173.5	1.81E-06
174	1.66E-06
174.5	1.51E-06
175	1.37E-06
175.5	1.22E-06
176	1.08E-06
176.5	9.45E-07
177	8.07E-07
177.5	6.71E-07
178	5.35E-07
178.5	4.01E-07
179	2.67E-07
179.5	1.33E-07
180	3.33E-08
