
4He beam rutherford scattering on 196Pt target nuclei.
Accurate up to CM scattering angle 1.03953 

      Recoil (mb) Ejectile (mb) Recoil (Hz/pnA) Ejectile (Hz/pnA)
  0       10960.2       1044.62          420370           40065.9
  1             0             0               0                 0
  2      0.499245       191.274         19.1482           7336.19
  3      0.603142       1571.44         23.1331           60271.6
  4      0.516503       1231.27         19.8101           47224.5
  5      0.516503       984.858         19.8101           37773.6
  6      0.609806       785.962         23.3887             30145
  7      0.509838       637.447         19.5545           24448.9
  8      0.553158       541.872          21.216           20783.2
  9      0.619803       445.676         23.7721           17093.6
 10      0.469851       379.368         18.0208           14550.4
 11      0.429863       320.878         16.4871           12307.1
 12      0.389876       286.414         14.9534           10985.2
 13      0.443193       240.729         16.9984           9233.01
 14      0.356553       213.688         13.6754           8195.84
 15      0.376547        189.14         14.4422           7254.32
 16      0.303237       167.158         11.6305           6411.22
 17      0.373215       143.427         14.3144           5501.06
 18      0.303237       128.508         11.6305           4928.83
 19      0.269914       114.951         10.3524           4408.86
 20      0.203269       104.051         7.79624           3990.79
 21      0.213266       94.1043         8.17966           3609.31
 22      0.216598       88.8813         8.30747           3408.98
 23      0.169946       77.1637         6.51817           2959.56
 24       0.14662       71.3503         5.62352           2736.59
 25      0.139956        68.489          5.3679           2626.85
 26      0.102905       60.9043         3.94685           2335.95


4He beam rutherford scattering on 196Pt target nuclei.
Accurate up to CM scattering angle 1.03953 

      Recoil (mb) Ejectile (mb) Recoil (Hz/pnA) Ejectile (Hz/pnA)
  0       10795.2       1043.31          414043           40015.6
  1             0             0               0                 0
  2       9.49399       9500.89         364.136            364400

