
4He beam rutherford scattering on 110Pd target nuclei.
Accurate up to CM scattering angle 0.608476 

      Recoil (mb) Ejectile (mb) Recoil (Hz/pnA) Ejectile (Hz/pnA)
  0        1209.1       362.625         66104.5           19825.6
  1             0             0               0                 0
  2        3.0359       65.0856          165.98           3558.38
  3       1.00698        548.58         55.0537           29992.2
  4       1.02372       427.209         55.9691           23356.5
  5       1.10265       339.321         60.2845           18551.5
  6       1.07036       274.027         58.5191           14981.7
  7       1.14331       223.883         62.5076           12240.2
  8       1.16245       187.477         63.5537           10249.8
  9       1.16603        155.71         63.7499           8513.06
 10       1.21626       133.172          66.496           7280.85
 11       1.18397       115.639         64.7306           6322.27
 12       1.19474        96.544         65.3191           5278.29
 13       1.19713       83.8957         65.4499           4586.78
 14       1.16364       73.8794         63.6191           4039.16
 15       1.12298       64.5884          61.396            3531.2
 16       1.14212       57.0905         62.4422           3121.27
 17       1.13853       50.9046          62.246           2783.08
 18       1.16364        44.784         63.6191           2448.45
 19       1.09787        41.304         60.0229           2258.19
 20        1.0871       37.0986         59.4345           2028.27
 21       1.05242       33.3007         57.5383           1820.63
 22       1.08232       30.6112         59.1729           1673.59
 23       1.01774       27.9299         55.6422           1526.99
 24      0.922064       25.5175         50.4114            1395.1
 25      0.911301       23.2111          49.823              1269
 26      0.930189       21.5322         50.8556           1177.22


4He beam rutherford scattering on 110Pd target nuclei.
Accurate up to CM scattering angle 0.608476 

      Recoil (mb) Ejectile (mb) Recoil (Hz/pnA) Ejectile (Hz/pnA)
  0       1163.29       361.064         63599.6           19740.2
  1             0             0               0                 0
  2       27.8592       3300.92         1523.13            180469

